0000000000000000000000000000000000000000000000000000000000000000000000000000000
0000000000000000000000000000000000000000000000000000000000000000000000000000000
0000000000000001000010000000000000000000000000000000000000000000000000000000000
0000000000000001000010000000000000000000000000000000000000000000000000000000000
0000000000000001001010000000000000000000000000000000000000000000000000000000000
0000000000000001001010000000000000000000000000000000000000000000000000000000000
0000000000000001001010000000000000000000000000000000000000000000000000000000000
0000000000000001001010000000000000000000000000000000000000000000000000000000000
0000000000000001001010000000000000000000010000000000000000000001111000000000000
0000000000000001000010000000000000000000101000000000000000000000000000000000000
0000000000000001001010000000000000000001011000000000000000000011110000000000000
0000000000000000001010000000000000000001101000000000000000000011000000000000000
0000000000000001001010000011100000000000110000000000000000000010000000000000000
0000000000000001001010000011000000000000001101000000000000000000000000000000000
0000000000000001001010000000101000000000000011000000000000000000000000000000000
0000000000000001001011101111000000000000000001000000000000000001111000000000000
0000000000000001000010000000000000000000000000000000000000000011110000000000000
0000000000000000000000000000000000000000000000000000000000000000001110000000000
0000000000000000000000000000000000000000000000000000000000000000000000000000000
0000000000000000000000000000000000000000000000000000000000000000000000000000000
0000000000000000000000000000000000000000000000000000000000000000000000000000000
0000000000000000000000000000000000000000000000000000000000000000000000000000000
0000000000000000000000000000000000000000000000000000000000000000000000000000000
